3.273756234450878537e+02
3.286540824922364550e+02
3.456333494967035449e+02
3.111276240551970886e+02
3.466523018601808417e+02
3.480594601703922990e+02
3.786310574773718258e+02
3.687828905445356895e+02
3.461195926611471236e+02
3.824192306238547303e+02
3.819267863346812533e+02
3.545553233740709516e+02
3.692182368873839664e+02
3.675246443478786205e+02
3.736182239224588102e+02
3.797009271084111219e+02
3.850299009018268066e+02
3.969729161417181444e+02
3.832591331005191932e+02
4.153029986289981252e+02
4.047518473963872907e+02
4.071282072011802029e+02
4.178339939892395591e+02
4.181006344137996393e+02
4.159751003053835348e+02
4.102694320467708167e+02
4.101602536136817321e+02
4.102995100344683124e+02
4.050873337688616971e+02
4.219796095449329982e+02
4.310372349723776892e+02
4.278531318724044468e+02
4.378829424962838175e+02
4.365637413926347108e+02
4.225003276195622561e+02
4.530660342263835787e+02
4.258424606429074970e+02
4.245055192398361896e+02
4.208453339297003595e+02
4.347085217050001233e+02
4.326323198907751362e+02
4.507996445869472950e+02
4.248004881616149646e+02
4.310748946217624962e+02
4.453063842022124845e+02
4.463904186749963401e+02
4.478346192047154091e+02
4.436227114257280277e+02
4.458961908888842913e+02
4.482956303280896577e+02
4.391348575277871191e+02
4.508644522839423416e+02
4.485610316145321690e+02
4.395994452867860218e+02
4.523383872019220462e+02
4.583097416072519081e+02
4.470064233870511430e+02
4.607033584497136189e+02
4.417603447122742750e+02
4.546193664478993810e+02
4.633359922437468299e+02
4.547793030164463630e+02
4.444014989952416954e+02
4.671860271796132338e+02
4.504336966093731007e+02
4.593972706563552606e+02
4.666327599120049285e+02
4.478753939915047795e+02
4.650945502207480331e+02
4.524809695088624153e+02
4.545615234833391582e+02
4.670144502703279841e+02
4.607395056709970618e+02
4.509968032779900113e+02
4.470628469577736155e+02
4.725855130476643353e+02
4.586085181026447231e+02
4.457973810271847128e+02
4.596767125131512444e+02
4.458966416925911176e+02
4.624474766080631980e+02
4.494912861554354322e+02
4.719782851565524311e+02
4.702224422330389189e+02
4.482810337107116538e+02
4.604442966179083214e+02
4.579327560462505744e+02
4.596069890260036459e+02
4.811386346400007028e+02
4.643925081395698840e+02
4.761145720928226979e+02
4.621299801375459992e+02
4.616976310359455056e+02
4.614227488591700990e+02
4.654250897785863117e+02
4.765531481964395653e+02
4.627715003574782031e+02
4.554133177294426673e+02
4.570834790614002827e+02
4.642490877967152301e+02
4.546570964932246284e+02
4.641848000812290707e+02
4.626854469321943384e+02
4.659720838638929763e+02
4.482369126112533877e+02
4.563857758354646990e+02
4.601268590007550756e+02
4.698534492115653620e+02
4.665690785192915655e+02
4.594760072027007141e+02
4.646732702168467881e+02
4.769763623606507394e+02
4.655409289199716341e+02
4.712559216370027002e+02
4.733627837310279460e+02
4.514755348929477350e+02
4.624877730111812753e+02
4.555939870953543505e+02
4.587239924324968001e+02
4.740960136791369450e+02
4.627309828606346969e+02
4.735097189891588414e+02
4.618885733104568772e+02
4.644015899403017329e+02
4.658068775941350737e+02
4.561106230357250411e+02
4.725935831672277345e+02
4.808871645065491407e+02
4.730540786454981799e+02
4.736830420841898217e+02
4.712282011027207318e+02
4.738858471494482387e+02
4.491293397089679047e+02
4.814622064570639282e+02
4.736428081634607565e+02
4.648648461841343646e+02
4.650101549693570746e+02
4.773171799376369222e+02
4.637294830816842364e+02
4.499567889069414264e+02
4.748058824143846550e+02
4.654428011709140947e+02
4.795050748532980265e+02
4.695504280903274434e+02
4.579268811833691757e+02
4.560396635602436390e+02
4.636783011647260082e+02
4.651430058057380847e+02
4.807887164475647523e+02
4.534521232872887140e+02
4.739056270787694416e+02
4.736180223489768650e+02
4.800376216888043359e+02
4.612002214698043758e+02
4.712546563971158662e+02
4.608755396312313337e+02
4.699375703130513102e+02
4.705480692902293640e+02
4.658503640867181730e+02
4.714321697966654483e+02
4.475896531171795800e+02
4.664888824902135411e+02
4.661487339334256603e+02
4.592511621569231011e+02
4.665026742044910293e+02
4.678264971618069126e+02
4.794195942218424875e+02
4.644480602853975597e+02
4.690273272766377772e+02
4.636361924019861362e+02
4.696093166555262428e+02
4.739249145806637102e+02
4.668066900135008268e+02
4.536305790909754592e+02
4.622660150996008497e+02
4.656804656967432265e+02
4.645010207887350475e+02
4.766453370632091264e+02
4.744441369129847317e+02
4.697696147647386624e+02
4.763542530317474757e+02
4.772926904430554487e+02
4.584121539401915584e+02
4.552173548203222708e+02
4.742910989973485130e+02
4.664433595957184480e+02
4.817170280106992095e+02
4.700635165840495233e+02
4.607391619761156107e+02
4.519695211525425407e+02
4.753074529221377702e+02
4.592280762004454004e+02
4.678533803288092372e+02
4.644635179042097661e+02
4.648216243738656885e+02
4.793367217859290577e+02
4.636528926167170539e+02
4.772220702185017558e+02
4.674455580009926621e+02
4.649600989331346454e+02
4.802778531712634731e+02
4.659479472919755381e+02
4.772346818815997835e+02
4.637851650152986167e+02
4.745934767332304318e+02
4.667175478109767823e+02
4.692786565453432104e+02
4.801100738604493472e+02
4.736047740962777652e+02
4.830203818404922913e+02
4.806457695362691425e+02
4.678145274790665553e+02
4.746768172093796920e+02
4.733446864986181026e+02
4.571979197660368186e+02
4.714067766805137012e+02
4.658171021716265727e+02
4.649730249333517236e+02
4.715967547648108962e+02
4.686103554772895450e+02
4.516076584940386169e+02
4.726059477220178451e+02
4.653198847509356142e+02
4.753574969022033088e+02
4.681915659993999270e+02
4.709872466430432496e+02
4.662151787486907892e+02
4.690882325682089231e+02
4.835148030175656118e+02
4.571571656186413861e+02
4.608103802334128432e+02
4.811810873072841446e+02
4.685080349941146096e+02
4.707500325425086203e+02
4.684745992041083014e+02
4.709922130289773463e+02
4.679830898820108587e+02
4.670087335848864427e+02
4.619023796487211939e+02
4.711269978836542123e+02
4.650583724971655215e+02
4.796392547898690282e+02
4.630958587153120902e+02
4.589265332782305222e+02
4.607087576030117475e+02
4.675696733086898575e+02
4.740864807050670038e+02
4.686676618148743501e+02
4.655146192169995061e+02
4.752721884492880235e+02
4.682211226422781465e+02
4.700575681265738694e+02
4.749210500048926633e+02
4.679761902933498163e+02
4.694519311078696546e+02
4.601761792158828257e+02
4.667222491407179064e+02
4.562347391672773824e+02
4.479577047027113963e+02
4.531872877330854408e+02
4.635527038757194305e+02
4.669073531512672730e+02
4.649865037547395445e+02
4.542275722741769073e+02
4.674330044191179354e+02
4.619536620852150577e+02
4.503598466971248513e+02
4.649145504791111421e+02
4.580951445626238865e+02
4.688178462850564756e+02
4.538637930463874000e+02
4.630151618746125450e+02
4.625904862645772369e+02
4.776627655995214923e+02
4.525561652974770936e+02
4.749378635469860797e+02
4.676776674522204758e+02
4.698492059659188271e+02
4.621368517678023409e+02
4.596301465206881858e+02
4.656689334640081483e+02
4.663366648086348505e+02
4.740998140630167086e+02
4.787280222218273593e+02
4.730692542688561844e+02
4.686327531231008834e+02
4.610701616563359835e+02
4.811573929319220042e+02
4.709029620957696807e+02
4.774157187731228760e+02
4.510594584168404140e+02
4.549548623967319259e+02
