3.264667589130432361e+02
3.335840253139591027e+02
3.373525157080845247e+02
3.265028879563227520e+02
3.430296594600032449e+02
3.495475028370807991e+02
3.664746960355384999e+02
3.670994128343265288e+02
3.750477987548634360e+02
3.844185732351816114e+02
3.748126134939215035e+02
3.686179988239440490e+02
3.764259096057949705e+02
3.647293976003934404e+02
3.824726569687061897e+02
3.969994351604784697e+02
3.947792466663290156e+02
4.135515223100630919e+02
3.915131301992290673e+02
3.964219243383054732e+02
3.836509792692477845e+02
3.844653415470244227e+02
3.957028311077575040e+02
3.885914689687219266e+02
3.895434725313002104e+02
3.557061260901215860e+02
3.850961722786348105e+02
3.904378434920215000e+02
3.800100278395586884e+02
4.040191396009452660e+02
4.121854079066179679e+02
4.086595608905472545e+02
3.963871594652945873e+02
4.131497918948141432e+02
3.987158321849209415e+02
4.307667118433245719e+02
4.091283197894697992e+02
4.137332728079342701e+02
4.122247322551784237e+02
4.199287312578951514e+02
4.218098388373648504e+02
4.379823099409627503e+02
4.303116728531009585e+02
4.163919298633672383e+02
4.303070244684918180e+02
4.315375398312684752e+02
4.352274687623834666e+02
4.197513105570952803e+02
4.459889873605164894e+02
4.364779612301807106e+02
4.351052245665042051e+02
4.370893458573564772e+02
4.441025018691687478e+02
4.416143911961239041e+02
4.427730806821198826e+02
4.491305389265540953e+02
4.384712815495376503e+02
4.479328921991307766e+02
4.435888877772659953e+02
4.487528253254529886e+02
4.559576182879986845e+02
4.474645431205497630e+02
4.445355776195451654e+02
4.560480421198347472e+02
4.451506756914704965e+02
4.537287659886316646e+02
4.555549937442964392e+02
4.521077490168822237e+02
4.564279653210965648e+02
4.507133833829295213e+02
4.413791893277881968e+02
4.529529117315104259e+02
4.569910539776512906e+02
4.590296252814068225e+02
4.494613473023650840e+02
4.596770070436583637e+02
4.593064336549971358e+02
4.552244431726558105e+02
4.537993436553588822e+02
4.404366900924337642e+02
4.413971032921205619e+02
4.575121842956621663e+02
4.620931108944253083e+02
4.624082960905755613e+02
4.523860609140547240e+02
4.564346470548833850e+02
4.581628687860003879e+02
4.604972959392856069e+02
4.730617091329025925e+02
4.672986126748898528e+02
4.764516256243456951e+02
4.661848338618885350e+02
4.684293196563993433e+02
4.596366890440773432e+02
4.693619839074019069e+02
4.666226434343906249e+02
4.698735235564682853e+02
4.560729862288429786e+02
4.560363578705939744e+02
4.679890664935820723e+02
4.602176520941318358e+02
4.719994482853790032e+02
4.566365899868652605e+02
4.706426251758769581e+02
4.569256971979417585e+02
4.534610275408285816e+02
4.594010065327547068e+02
4.770764753603017994e+02
4.560311277514919084e+02
4.665168459470480116e+02
4.620300312739635160e+02
4.719096523488010462e+02
4.654760474570614406e+02
4.620996875542502949e+02
4.702683642289105705e+02
4.589310981672566072e+02
4.543133803188845832e+02
4.569938463860674460e+02
4.527776781394287582e+02
4.738397009036308987e+02
4.603445884289598666e+02
4.517626442751179638e+02
4.573643454833376722e+02
4.599184495208354519e+02
4.623171558005711290e+02
4.508839682233017356e+02
4.597450615601459276e+02
4.695033934162998435e+02
4.722606489869985467e+02
4.651379099116473412e+02
4.748531449745157147e+02
4.653551824360803835e+02
4.599420907159495187e+02
4.661251635835989191e+02
4.708808439787897555e+02
4.606204405678675471e+02
4.626363857523956540e+02
4.732264489368699287e+02
4.653279924915266292e+02
4.401739146327065555e+02
4.710698263302451210e+02
4.601695013264161389e+02
4.724113542041353639e+02
4.671151078091274940e+02
4.564796170694962143e+02
4.602879307887374125e+02
4.634596798061438108e+02
4.749683784180122075e+02
4.718886139699529281e+02
4.517484136580827681e+02
4.653369860247576071e+02
4.668635735152412281e+02
4.765563201157265212e+02
4.525432116426879929e+02
4.671839611471239664e+02
4.760908307808763880e+02
4.643108772546059413e+02
4.702711853812018035e+02
4.621027091429718894e+02
4.717834237106566206e+02
4.547611366708514424e+02
4.603456812046081836e+02
4.659693739265007935e+02
4.616010039038886816e+02
4.612459998997206867e+02
4.622003634831965542e+02
4.709291104359438691e+02
4.677086498758774837e+02
4.631711774587242871e+02
4.573818560078823339e+02
4.693731484276115680e+02
4.643114802691841874e+02
4.620594236907048185e+02
4.509982466421566869e+02
4.629830887416823089e+02
4.689256343126521074e+02
4.726442153641426671e+02
4.732742697606690854e+02
4.745710433873696275e+02
4.727786813592190356e+02
4.716752039219721269e+02
4.685745448106576418e+02
4.620650314488286767e+02
4.557566559641820731e+02
4.660705475551450263e+02
4.593745472956428557e+02
4.753544064371654372e+02
4.627409638443330095e+02
4.654415374963526801e+02
4.681080013269195774e+02
4.796992219461257605e+02
4.591324784877497791e+02
